thread:
0.484246015549
0.637773036957
1.03956699371
1.15456795692
1.16881489754
1.1378569603
1.26052904129
1.31590104103
1.1853518486
1.25021600723
1.17216706276
1.22914195061
1.1748650074
1.28209805489
1.31687188148
1.20023703575
1.18497109413
1.19463515282
1.21068096161
1.20786595345
subproc:
0.461091995239
0.281335830688
0.289520025253
0.293323993683
0.313764810562
0.324481010437
0.334431886673
0.35467505455
0.369636058807
0.380812883377
0.393867015839
0.398869991302
0.422889947891
0.441775083542
0.447100162506
0.459033966064
0.48021197319
0.4917781353
0.504819154739
0.507638931274
