thread:
1.16744303703
0.606666088104
0.414684057236
0.32435297966
0.264683008194
0.241659879684
0.198877096176
0.183571100235
0.180860996246
0.147984981537
0.147658109665
0.142794132233
0.134443998337
0.129806995392
0.122245788574
0.114223003387
0.105034828186
0.109732151031
0.112780094147
0.094526052475
subproc:
1.21195006371
0.64808011055
0.475924968719
0.397148132324
0.329523086548
0.307505130768
0.295443058014
0.298913955688
0.286679983139
0.27995800972
0.290032863617
0.286235809326
0.290413856506
0.279642105103
0.294275999069
0.305456161499
0.310082912445
0.319257974625
0.324424028397
0.341377019882
